# 1:pos.x 2:pos.y 3:pos.z 4:volume 5:rho 6:vel.x 7:vel.y 8:vel.z 9:p 10:a 11:mu 12:k 13:mu_t 14:k_t 15:S 16:massf[0]-air 17:u 18:T 19:M_local 20:total_p
1.808206249999976478e+00 5.625000000000253278e-04 0.000000000000000000e+00 2.714062499999548010e-06 2.801589848477066824e-01 1.614117550540432148e+03 -2.734183287868629186e+00 0.000000000000000000e+00 9.914928356218435511e+04 7.038928123173922131e+02 1.716000000000000172e-05 2.409999999999999989e-02 0.000000000000000000e+00 0.000000000000000000e+00 0.000000000000000000e+00 1.000000000000000000e+00 8.847590914858710021e+05 1.232670273506475951e+03 2.293133042467448757e+00 1.226540892944576219e+06
1.808206249999843029e+00 1.687499999999971141e-03 0.000000000000000000e+00 2.714062499999857177e-06 2.585394435248692946e-01 1.548243073669464138e+03 -7.451914606724809431e+00 0.000000000000000000e+00 9.930596260893931321e+04 7.333111284877948037e+02 1.716000000000000172e-05 2.409999999999999989e-02 0.000000000000000000e+00 0.000000000000000000e+00 0.000000000000000000e+00 1.000000000000000000e+00 9.602593056500770617e+05 1.337859211986093442e+03 2.111328939357540069e+00 9.243389820659792749e+05
1.808206249999998683e+00 2.812499999999919231e-03 0.000000000000000000e+00 2.714062499999733087e-06 2.641944889841279509e-01 1.562470586046050130e+03 -1.220633003437726316e+01 0.000000000000000000e+00 9.915876539078238420e+04 7.248826351452773906e+02 1.716000000000000172e-05 2.409999999999999989e-02 0.000000000000000000e+00 0.000000000000000000e+00 0.000000000000000000e+00 1.000000000000000000e+00 9.383122048842167715e+05 1.307281918162196689e+03 2.155546551533459532e+00 9.890346896361676045e+05
1.808206249999556148e+00 3.937499999999574153e-03 0.000000000000000000e+00 2.714062499999714875e-06 2.633154800366596660e-01 1.562089020676781274e+03 -1.765624886462226684e+01 0.000000000000000000e+00 9.909575134416762739e+04 7.258607940547999533e+02 1.716000000000000172e-05 2.409999999999999989e-02 0.000000000000000000e+00 0.000000000000000000e+00 0.000000000000000000e+00 1.000000000000000000e+00 9.408462363319015130e+05 1.310812399247670101e+03 2.152187877249584602e+00 9.832272239905265160e+05
1.808206249999701143e+00 5.062499999999071215e-03 0.000000000000000000e+00 2.714062499999916893e-06 2.637683166976551585e-01 1.568674333509341523e+03 -2.280827559808118465e+01 0.000000000000000000e+00 9.900927654526766855e+04 7.249209443381654410e+02 1.716000000000000172e-05 2.409999999999999989e-02 0.000000000000000000e+00 0.000000000000000000e+00 0.000000000000000000e+00 1.000000000000000000e+00 9.384113848931030370e+05 1.307420098430539156e+03 2.164153417488653641e+00 1.000929620721557294e+06
1.808206250000082838e+00 6.187500000000009832e-03 0.000000000000000000e+00 2.714062499999548010e-06 2.710609154805557752e-01 1.585200517722415498e+03 -2.729029417869730523e+01 0.000000000000000000e+00 9.904229582936175575e+04 7.152220858502622605e+02 1.716000000000000172e-05 2.409999999999999989e-02 0.000000000000000000e+00 0.000000000000000000e+00 0.000000000000000000e+00 1.000000000000000000e+00 9.134689858714288566e+05 1.272669674140103780e+03 2.216703653423341525e+00 1.087082239199046046e+06
1.808206249999775084e+00 7.312499999999434903e-03 0.000000000000000000e+00 2.714062499999881317e-06 2.733147204898155880e-01 1.590862681611485868e+03 -3.257269825057510104e+01 0.000000000000000000e+00 9.874948303632829629e+04 7.112133853992199874e+02 1.716000000000000172e-05 2.409999999999999989e-02 0.000000000000000000e+00 0.000000000000000000e+00 0.000000000000000000e+00 1.000000000000000000e+00 9.032579992339635501e+05 1.258443451643720664e+03 2.237297750762903270e+00 1.119375478386803297e+06
1.808206250000196524e+00 8.437500000001096900e-03 0.000000000000000000e+00 2.714062499999316770e-06 2.733036092056129185e-01 1.591121146151336688e+03 -3.781896067843911169e+01 0.000000000000000000e+00 9.859967468905953865e+04 7.106881521452925199e+02 1.716000000000000172e-05 2.409999999999999989e-02 0.000000000000000000e+00 0.000000000000000000e+00 0.000000000000000000e+00 1.000000000000000000e+00 9.019243742851619609e+05 1.256585409328909918e+03 2.239478078528151617e+00 1.121498195096513955e+06
1.808206249999820159e+00 9.562499999999347564e-03 0.000000000000000000e+00 2.714062499999851248e-06 2.768827571101616369e-01 1.602847310912284456e+03 -4.261319634818409696e+01 0.000000000000000000e+00 9.846829176045193162e+04 7.056092481604176783e+02 1.716000000000000172e-05 2.409999999999999989e-02 0.000000000000000000e+00 0.000000000000000000e+00 0.000000000000000000e+00 1.000000000000000000e+00 8.890793055169821018e+05 1.238689312431967892e+03 2.272381875511335636e+00 1.179195246279897867e+06
1.808206249999976478e+00 1.068749999999998174e-02 0.000000000000000000e+00 2.714062499999548010e-06 2.805295867427599066e-01 1.617580704276108008e+03 -4.823653856564892806e+01 0.000000000000000000e+00 9.812025072272925172e+04 6.997678839014802179e+02 1.716000000000000172e-05 2.409999999999999989e-02 0.000000000000000000e+00 0.000000000000000000e+00 0.000000000000000000e+00 1.000000000000000000e+00 8.744198059642063454e+05 1.218265301537837331e+03 2.312623646615971751e+00 1.251395573147027753e+06
1.808206250000082838e+00 1.181249999999998794e-02 0.000000000000000000e+00 2.714062499999548010e-06 2.786959744094494873e-01 1.616204021949890375e+03 -5.361004229026823964e+01 0.000000000000000000e+00 9.759921769420956844e+04 7.001995677284589874e+02 1.716000000000000172e-05 2.409999999999999989e-02 0.000000000000000000e+00 0.000000000000000000e+00 0.000000000000000000e+00 1.000000000000000000e+00 8.754989904412874021e+05 1.219768850512161407e+03 2.309474303894516911e+00 1.238632897880305303e+06
1.808206250000082838e+00 1.293749999999999414e-02 0.000000000000000000e+00 2.714062499999548010e-06 2.789337825686278860e-01 1.619170341595194941e+03 -5.762899016440721311e+01 0.000000000000000000e+00 9.714248595874928287e+04 6.982614506401778272e+02 1.716000000000000172e-05 2.409999999999999989e-02 0.000000000000000000e+00 0.000000000000000000e+00 0.000000000000000000e+00 1.000000000000000000e+00 8.706590240180813707e+05 1.213025678509671934e+03 2.320327968519281026e+00 1.253946885144636733e+06
1.808206250000258697e+00 1.406250000000106894e-02 0.000000000000000000e+00 2.714062499999346416e-06 2.824119990672462888e-01 1.635415196950755217e+03 -6.367217864114621761e+01 0.000000000000000000e+00 9.671507992106876918e+04 6.924199031025793829e+02 1.716000000000000172e-05 2.409999999999999989e-02 0.000000000000000000e+00 0.000000000000000000e+00 0.000000000000000000e+00 1.000000000000000000e+00 8.561523610939028440e+05 1.192814603736331946e+03 2.363672975908760687e+00 1.335971482448496623e+06
1.808206249999820159e+00 1.518749999999827530e-02 0.000000000000000000e+00 2.714062499999851248e-06 2.870610953050044545e-01 1.659622643888901166e+03 -7.133511012238589899e+01 0.000000000000000000e+00 9.531654481195202970e+04 6.818062759019071564e+02 1.716000000000000172e-05 2.409999999999999989e-02 0.000000000000000000e+00 0.000000000000000000e+00 0.000000000000000000e+00 1.000000000000000000e+00 8.301067818914777599e+05 1.156527199008826528e+03 2.436403248257301257e+00 1.474981184676491190e+06
1.808206249999907422e+00 1.631249999999880365e-02 0.000000000000000000e+00 2.714062499999750451e-06 2.837050497381665148e-01 1.659943838286454593e+03 -7.767844323489798342e+01 0.000000000000000000e+00 9.374815042242952040e+04 6.801611766662763330e+02 1.716000000000000172e-05 2.409999999999999989e-02 0.000000000000000000e+00 0.000000000000000000e+00 0.000000000000000000e+00 1.000000000000000000e+00 8.261057611500959611e+05 1.150952868799569615e+03 2.443186137087165921e+00 1.466136091417297022e+06
1.808206250000127691e+00 1.743750000000093836e-02 0.000000000000000000e+00 2.714062499999518787e-06 2.828866213113401806e-01 1.664353896491458499e+03 -8.771997592763524665e+01 0.000000000000000000e+00 9.234495189244477660e+04 6.760275471936291751e+02 1.716000000000000172e-05 2.409999999999999989e-02 0.000000000000000000e+00 0.000000000000000000e+00 0.000000000000000000e+00 1.000000000000000000e+00 8.160950795797046740e+05 1.137005716735116948e+03 2.465378735426955181e+00 1.495015078377313446e+06
1.808206250000020887e+00 1.856250000000100181e-02 0.000000000000000000e+00 2.714062499999518787e-06 2.849136588371056766e-01 1.686769017988704718e+03 -9.815541231387521748e+01 0.000000000000000000e+00 8.989911643843846105e+04 6.646378875938120245e+02 1.716000000000000172e-05 2.409999999999999989e-02 0.000000000000000000e+00 0.000000000000000000e+00 0.000000000000000000e+00 1.000000000000000000e+00 7.888277171877946239e+05 1.099016090653978381e+03 2.542170007517947639e+00 1.640042673522131518e+06
1.808206249999976478e+00 1.968750000000087791e-02 0.000000000000000000e+00 2.714062499999548010e-06 2.863622778488453813e-01 1.708318180433513817e+03 -1.179867136504762897e+02 0.000000000000000000e+00 8.764987272139287961e+04 6.546086783201667458e+02 1.716000000000000172e-05 2.409999999999999989e-02 0.000000000000000000e+00 0.000000000000000000e+00 0.000000000000000000e+00 1.000000000000000000e+00 7.652009316644208739e+05 1.066098614638824301e+03 2.615895305630745682e+00 1.792505723578438628e+06
1.808206249999976478e+00 2.081250000000110789e-02 0.000000000000000000e+00 2.714062499999548010e-06 2.782454065264630128e-01 1.705550479042204870e+03 -1.410279744100540711e+02 0.000000000000000000e+00 8.383731963778431236e+04 6.494843767504326024e+02 1.716000000000000172e-05 2.409999999999999989e-02 0.000000000000000000e+00 0.000000000000000000e+00 0.000000000000000000e+00 1.000000000000000000e+00 7.532677779337466927e+05 1.049473022413169019e+03 2.634968975849545814e+00 1.765823168599859346e+06
1.808206250000127691e+00 2.193750000000108807e-02 0.000000000000000000e+00 2.714062499999518787e-06 2.588624125338520598e-01 1.690225984213800984e+03 -1.674679227855197894e+02 0.000000000000000000e+00 7.863117816101394419e+04 6.521190874009438403e+02 1.716000000000000172e-05 2.409999999999999989e-02 0.000000000000000000e+00 0.000000000000000000e+00 0.000000000000000000e+00 1.000000000000000000e+00 7.593916145582854515e+05 1.058004917071863019e+03 2.604588843618891758e+00 1.580189784401241690e+06
1.808206250000082838e+00 2.306250000000108213e-02 0.000000000000000000e+00 2.714062499999548010e-06 2.442692574334973665e-01 1.696240231700462118e+03 -2.046909938248035417e+02 0.000000000000000000e+00 7.478887770800759608e+04 6.547087118011802431e+02 1.716000000000000172e-05 2.409999999999999989e-02 0.000000000000000000e+00 0.000000000000000000e+00 0.000000000000000000e+00 1.000000000000000000e+00 7.654348166220731800e+05 1.066424469481676624e+03 2.609627667597599565e+00 1.514735463413949823e+06
1.808206250000020887e+00 2.418750000000126701e-02 0.000000000000000000e+00 2.714062499999518787e-06 2.317168018212643621e-01 1.707214927081243331e+03 -2.490598292552367070e+02 0.000000000000000000e+00 7.084341631486787810e+04 6.542368513698728520e+02 1.716000000000000172e-05 2.409999999999999989e-02 0.000000000000000000e+00 0.000000000000000000e+00 0.000000000000000000e+00 1.000000000000000000e+00 7.643318887327950215e+05 1.064887840543904076e+03 2.637097749837727267e+00 1.497052539409615798e+06
1.808206249999688042e+00 2.531249999999727121e-02 0.000000000000000000e+00 2.714062499999981691e-06 2.261678397154129050e-01 1.713656690650730980e+03 -2.847610319773723973e+02 0.000000000000000000e+00 6.837516989758043201e+04 6.505756468021484125e+02 1.716000000000000172e-05 2.409999999999999989e-02 0.000000000000000000e+00 0.000000000000000000e+00 0.000000000000000000e+00 1.000000000000000000e+00 7.558012003786321729e+05 1.053002655019486610e+03 2.670181680782999667e+00 1.520547326089873910e+06
1.808206250000135462e+00 2.643750000000366293e-02 0.000000000000000000e+00 2.714062499999286700e-06 2.197803287432975594e-01 1.713691730233392263e+03 -3.181340959212615758e+02 0.000000000000000000e+00 6.529184556724550202e+04 6.449099550039762789e+02 1.716000000000000172e-05 2.409999999999999989e-02 0.000000000000000000e+00 0.000000000000000000e+00 0.000000000000000000e+00 1.000000000000000000e+00 7.426943751129119191e+05 1.034741871897198052e+03 2.702658253994231430e+00 1.526408353409920586e+06
1.808206250000038651e+00 2.756250000000080858e-02 0.000000000000000000e+00 2.714062499999578080e-06 2.055085575336437209e-01 1.720233102576643887e+03 -3.547284004909454325e+02 0.000000000000000000e+00 5.881251111591021618e+04 6.329711615187197822e+02 1.716000000000000172e-05 2.409999999999999989e-02 0.000000000000000000e+00 0.000000000000000000e+00 0.000000000000000000e+00 1.000000000000000000e+00 7.154508773470667657e+05 9.967854946579433317e+02 2.774891874442164674e+00 1.535998222141862847e+06
1.808206249999976478e+00 2.868750000000017120e-02 0.000000000000000000e+00 2.714062499999548010e-06 1.956682949476131750e-01 1.743406154450645545e+03 -4.030265782580781320e+02 0.000000000000000000e+00 5.236733315716720972e+04 6.121164014180566255e+02 1.716000000000000172e-05 2.409999999999999989e-02 0.000000000000000000e+00 0.000000000000000000e+00 0.000000000000000000e+00 1.000000000000000000e+00 6.690830158660564339e+05 9.321845371275509251e+02 2.923274219763795312e+00 1.713766676987917162e+06
1.808206249999846804e+00 2.981249999999786848e-02 0.000000000000000000e+00 2.714062499999720381e-06 1.852863504042355502e-01 1.773716284450399144e+03 -4.560916941376120803e+02 0.000000000000000000e+00 4.543230613148170960e+04 5.859016152815564737e+02 1.716000000000000172e-05 2.409999999999999989e-02 0.000000000000000000e+00 0.000000000000000000e+00 0.000000000000000000e+00 1.000000000000000000e+00 6.130012549813162768e+05 8.540499124667076103e+02 3.125810183695855393e+00 2.013132858390249778e+06
1.808206250000038651e+00 3.093749999999978462e-02 0.000000000000000000e+00 2.714062499999578080e-06 1.753307803958266131e-01 1.795896478534691823e+03 -5.154063470779673253e+02 0.000000000000000000e+00 3.951986061739155411e+04 5.617494255987492124e+02 1.716000000000000172e-05 2.409999999999999989e-02 0.000000000000000000e+00 0.000000000000000000e+00 0.000000000000000000e+00 1.000000000000000000e+00 5.635043163580800174e+05 7.850894401103607834e+02 3.326023490873510013e+00 2.348334568554652855e+06
1.808206250000020887e+00 3.206250000000025746e-02 0.000000000000000000e+00 2.714062499999518787e-06 1.693323626019292427e-01 1.806490675785553321e+03 -5.557063012271540856e+02 0.000000000000000000e+00 3.615613165593687881e+04 5.467452434332963094e+02 1.716000000000000172e-05 2.409999999999999989e-02 0.000000000000000000e+00 0.000000000000000000e+00 0.000000000000000000e+00 1.000000000000000000e+00 5.338042164588117739e+05 7.437104583984952342e+02 3.456877318830934076e+00 2.593468481402409263e+06
1.808206250000082838e+00 3.318750000000172951e-02 0.000000000000000000e+00 2.714062499999548010e-06 1.630893812998412407e-01 1.811434307366092753e+03 -5.904055236702936327e+02 0.000000000000000000e+00 3.348716755845215812e+04 5.361550276877219403e+02 1.716000000000000172e-05 2.409999999999999989e-02 0.000000000000000000e+00 0.000000000000000000e+00 0.000000000000000000e+00 1.000000000000000000e+00 5.133253816336104646e+05 7.151787923574260049e+02 3.553491887641371250e+00 2.755079160788032226e+06
1.808206249999777748e+00 3.431249999999632511e-02 0.000000000000000000e+00 2.714062499999921975e-06 1.569013297235324345e-01 1.813970653607670101e+03 -6.218787512317682058e+02 0.000000000000000000e+00 3.122020977322023464e+04 5.277990621074742421e+02 1.716000000000000172e-05 2.409999999999999989e-02 0.000000000000000000e+00 0.000000000000000000e+00 0.000000000000000000e+00 1.000000000000000000e+00 4.974497320741596632e+05 6.930604084121691812e+02 3.633217127507848865e+00 2.872849884764647111e+06
1.808206250000007564e+00 3.543749999999950412e-02 0.000000000000000000e+00 2.714062499999981691e-06 1.510537873493763839e-01 1.814687398267966273e+03 -6.496145293515660342e+02 0.000000000000000000e+00 2.929986807368403970e+04 5.211119602065217578e+02 1.716000000000000172e-05 2.409999999999999989e-02 0.000000000000000000e+00 0.000000000000000000e+00 0.000000000000000000e+00 1.000000000000000000e+00 4.849244197683635284e+05 6.756098048588216898e+02 3.698738203493551868e+00 2.953546112462708727e+06
1.808206249999990689e+00 3.656249999999997002e-02 0.000000000000000000e+00 2.714062499999921975e-06 1.456645621302559979e-01 1.814165886397429858e+03 -6.731093269977834552e+02 0.000000000000000000e+00 2.767098653250505595e+04 5.157026766023624305e+02 1.716000000000000172e-05 2.409999999999999989e-02 0.000000000000000000e+00 0.000000000000000000e+00 0.000000000000000000e+00 1.000000000000000000e+00 4.749093761693586712e+05 6.616565754982373164e+02 3.752186592899029893e+00 3.003078091201370116e+06
1.808206249999900539e+00 3.768749999999893019e-02 0.000000000000000000e+00 2.714062499999981691e-06 1.405641201455947731e-01 1.813942326205298741e+03 -6.919308595903829655e+02 0.000000000000000000e+00 2.623076341885636066e+04 5.111310261119009510e+02 1.716000000000000172e-05 2.409999999999999989e-02 0.000000000000000000e+00 0.000000000000000000e+00 0.000000000000000000e+00 1.000000000000000000e+00 4.665266533110800665e+05 6.499775395008906571e+02 3.798304336548936622e+00 3.032809061530244537e+06
1.808206250000082838e+00 3.881250000000344147e-02 0.000000000000000000e+00 2.714062499999548010e-06 1.361610933770430742e-01 1.815377399914440048e+03 -7.030322053466118177e+02 0.000000000000000000e+00 2.505392204318408403e+04 5.075459464953520978e+02 1.716000000000000172e-05 2.409999999999999989e-02 0.000000000000000000e+00 0.000000000000000000e+00 0.000000000000000000e+00 1.000000000000000000e+00 4.600051567926122807e+05 6.408916143327290911e+02 3.835620329177255261e+00 3.048153518740628380e+06
1.808206250000038651e+00 3.993749999999963302e-02 0.000000000000000000e+00 2.714062499999578080e-06 1.325338534526059875e-01 1.816752957200905939e+03 -7.067015029017835559e+02 0.000000000000000000e+00 2.414475505079848153e+04 5.050239880284349283e+02 1.716000000000000172e-05 2.409999999999999989e-02 0.000000000000000000e+00 0.000000000000000000e+00 0.000000000000000000e+00 1.000000000000000000e+00 4.554450508645445225e+05 6.345383515342313103e+02 3.859942526658249662e+00 3.036330979624966159e+06
1.808206249999976478e+00 4.106249999999990463e-02 0.000000000000000000e+00 2.714062499999548010e-06 1.269320008632149055e-01 1.817188879690407020e+03 -7.109310112621052440e+02 0.000000000000000000e+00 2.287547859481905471e+04 5.023004293163026546e+02 1.716000000000000172e-05 2.409999999999999989e-02 0.000000000000000000e+00 0.000000000000000000e+00 0.000000000000000000e+00 1.000000000000000000e+00 4.505459308773963712e+05 6.277127651880578014e+02 3.884740509094198213e+00 2.975064669827592559e+06
1.808206250000144788e+00 4.218750000000023176e-02 0.000000000000000000e+00 2.714062499999578080e-06 1.185809525300675071e-01 1.820307977752119541e+03 -7.115426592898741092e+02 0.000000000000000000e+00 2.120143546384097499e+04 5.003100002186737356e+02 1.716000000000000172e-05 2.409999999999999989e-02 0.000000000000000000e+00 0.000000000000000000e+00 0.000000000000000000e+00 1.000000000000000000e+00 4.469823148550167680e+05 6.227478390525133136e+02 3.906446937267614938e+00 2.839441193217448890e+06
1.808206249999670945e+00 4.331249999999352285e-02 0.000000000000000000e+00 2.714062499999921975e-06 1.004576031587375573e-01 1.830834503906007740e+03 -6.851282959026287926e+02 0.000000000000000000e+00 1.791624762662534340e+04 4.996848014297565328e+02 1.716000000000000172e-05 2.409999999999999989e-02 0.000000000000000000e+00 0.000000000000000000e+00 0.000000000000000000e+00 1.000000000000000000e+00 4.458658942498129909e+05 6.211924116983240083e+02 3.912123855753649071e+00 2.417915054658805951e+06
1.808206249999992909e+00 4.443749999999887373e-02 0.000000000000000000e+00 2.714062499999608573e-06 7.653187249239917778e-02 1.838926225027243845e+03 -6.446885701164565035e+02 0.000000000000000000e+00 1.387124742402554512e+04 5.037332373019866054e+02 1.716000000000000172e-05 2.409999999999999989e-02 0.000000000000000000e+00 0.000000000000000000e+00 0.000000000000000000e+00 1.000000000000000000e+00 4.531199542191779474e+05 6.312989640610155675e+02 3.868435000627690190e+00 1.764603216460098280e+06
